   -9.974975e-01    1.271706e-01   -6.133915e-01    6.174810e-01    1.700186e-01   -4.025391e-02   -2.994171e-01    7.919248e-01    6.456801e-01    4.932096e-01   -6.517838e-01    7.178869e-01    4.210028e-01    2.706992e-02   -3.920103e-01    1.538133e+01
   -9.700308e-01   -8.171941e-01   -2.710959e-01   -7.053743e-01   -6.682028e-01    9.770501e-01   -1.086154e-01   -7.618336e-01   -9.906613e-01   -9.821772e-01   -2.442396e-01    6.332591e-02    1.423688e-01    2.035279e-01    2.143315e-01    8.214362e+00
   -6.675314e-01    3.260903e-01   -9.842219e-02   -2.957549e-01   -8.859218e-01    2.153691e-01    5.666372e-01    6.052126e-01    3.976562e-02   -3.960997e-01    7.519456e-01    4.533525e-01    9.118015e-01    8.514359e-01    7.870724e-02    4.039430e+00
   -7.153233e-01   -7.583850e-02   -5.293435e-01    7.244789e-01   -5.807978e-01    5.593127e-01    6.873074e-01    9.935911e-01    9.993896e-01    2.229987e-01   -2.151250e-01   -4.675741e-01   -4.054384e-01    6.802881e-01   -9.525132e-01    1.256142e+01
   -2.482681e-01   -8.147526e-01    3.544115e-01   -8.875698e-01   -9.824213e-01    8.375805e-01   -4.482253e-01   -4.542070e-01    1.758171e-01    3.823664e-01    6.752220e-01    4.529862e-01   -3.012177e-02   -5.892819e-01    4.874722e-01    1.208289e+01
   -6.308176e-02   -8.407849e-02    8.983123e-01    4.888760e-01   -7.834407e-01    1.980956e-01   -2.295297e-01    4.700156e-01    2.179327e-01    1.448103e-01   -2.773217e-01   -6.968902e-01   -5.497909e-01   -1.496933e-01    6.057619e-01    9.032258e+00
    3.421125e-02    9.799799e-01    5.030976e-01   -3.088778e-01   -6.620380e-01    3.146153e-01   -1.620533e-02   -8.729209e-01    3.995178e-01    9.613330e-03   -7.050081e-01    8.991668e-01   -7.168493e-01    8.102359e-01    3.857845e-01    9.327067e+00
   -3.939024e-01   -1.468856e-01   -8.592486e-01    9.332255e-01    3.663747e-01   -6.935331e-01    7.545091e-01    6.433607e-01    1.640980e-01   -6.172979e-01   -6.442152e-01    6.343883e-01   -4.947050e-02   -6.888943e-01    7.843257e-03    1.195654e+01
    4.640339e-01   -1.888180e-01   -4.408399e-01    1.374859e-01    3.644826e-01    5.117038e-01    4.438307e-01   -4.940947e-02   -7.539598e-01   -2.643818e-01    6.693625e-01   -9.298074e-01    3.402814e-02    3.259682e-01   -1.475570e-01    1.269448e+01
   -7.906430e-01    8.986785e-01    8.427686e-01    9.909360e-02   -3.080233e-01   -5.655080e-02   -2.500381e-01    6.939604e-01   -3.662526e-01   -8.780175e-02   -4.562212e-01    9.659413e-01   -4.044008e-01    4.783776e-01    1.345561e-01    1.709586e+01
   -6.080203e-01    5.226295e-01    6.788842e-01   -2.046876e-01    1.800592e-03    7.803278e-01   -9.450667e-01    9.892575e-01    1.451765e-01   -8.989837e-01    6.265450e-02   -6.118656e-01    6.860866e-01    2.535173e-01    3.152257e-01    1.657582e+01
   -6.042970e-01    6.843165e-01   -7.533494e-01   -7.801447e-01    4.862514e-01   -3.718680e-01    8.821375e-01   -4.278390e-01   -3.273721e-01   -7.194739e-01    4.661702e-01    6.692404e-01    4.159978e-01    2.004761e-01    4.944304e-01    1.249550e+01
   -4.945524e-01   -7.110508e-01   -9.967650e-01   -8.779870e-01    6.124760e-01    7.052522e-01   -5.788446e-01   -7.687918e-01    1.064180e-01   -9.714957e-01   -7.724540e-01   -9.097568e-02    5.044404e-01    3.722953e-01    8.688620e-02    1.441816e+01
   -8.522294e-01   -1.265603e-01   -5.961180e-01    3.924375e-01   -4.192938e-01   -1.266213e-01   -5.351421e-01    1.557360e-01    6.515702e-02    2.573626e-01   -6.796167e-01    8.270516e-03    9.260842e-01    3.915220e-01    8.496048e-01    1.131504e+01
   -6.201056e-01   -3.281045e-01   -6.432997e-01    9.903562e-01   -8.511612e-02    9.960326e-01   -8.049867e-01    2.503433e-01   -8.112125e-01   -1.245460e-01    8.630329e-01   -9.031343e-01    7.892392e-01   -4.199652e-01   -5.453963e-01    7.502670e+00
